DoG: 0.00343625658381
Lap: 0.063825968131
